341,70	327,75	293,00	547,20	568,85	628,00
341,20	329,70	298,00	552,10	574,75	629,00
342,50	333,70	302,00	559,60	580,70	630,00
344,00	336,60	306,00	566,30	588,40	631,00
351,30	339,65	308,00	572,30	594,30	633,00
356,80	343,60	308,00	576,60	602,05	633,00
363,70	344,90	310,00	580,60	607,00	634,00
374,70	347,15	312,00	584,60	609,05	635,00
383,70	349,20	316,00	588,50	611,15	636,00
391,50	351,25	318,00	595,00	614,20	636,00
399,90	351,45	321,00	599,70	619,15	635,00
405,70	351,75	324,00	602,60	622,20	634,00
413,00	354,00	329,00	603,70	624,30	634,00
420,60	359,95	332,00	605,90	627,25	634,00
425,50	365,70	336,00	608,20	630,20	635,00
430,30	372,25	338,00	614,90	633,10	636,00
436,80	379,00	340,00	618,90	633,10	637,00
441,60	382,00	344,00	621,20	633,10	639,00
448,00	387,10	346,00	622,40	635,05	641,00
454,50	390,30	349,00	623,40	638,05	644,00
459,30	393,30	352,00	627,10	638,20	646,00
463,70	396,35	360,00	629,90	638,40	648,00
467,10	398,35	364,00	633,50	638,50	650,00
473,50	401,35	376,00	638,00	640,45	652,00
480,60	403,35	386,00	638,00	644,25	656,00
484,70	407,45	393,00	639,10	646,10	660,00
488,90	409,85	396,00	638,40	646,10	661,00
494,80	413,95	397,00	638,40	648,00	662,00
498,80	420,95	400,00	638,40	648,05	664,00
504,80	428,85	402,00	641,30	648,10	664,00
505,90	434,90	403,00	644,00	646,30	665,00
512,70	437,85	403,00	647,30	651,05	665,00
520,50	441,85	406,00	646,60	652,20	667,00
525,50	448,75	409,00	645,80	654,25	668,00
530,40	452,80	410,00	646,80	658,10	668,00
534,20	456,85	412,00	651,30	658,00	669,00
538,00	460,95	414,00	655,10	656,10	670,00
539,10	470,55	415,00	655,10	658,20	670,00
539,30	473,70	417,00	655,30	659,15	670,00
538,50	488,25	419,00	655,30	661,10	671,00
539,00	490,45	420,00	655,50	663,10	671,00
541,60	492,75	424,00	655,50	667,15	672,00
543,30	494,90	426,00	657,30	671,05	674,00
545,20	497,90	429,00	658,20	672,10	676,00
547,20	503,70	433,00	660,20	674,20	679,00
549,80	510,40	437,00	662,20	675,25	683,00
555,60	517,05	441,00	664,50	676,30	686,00
559,40	525,20	446,00	667,90	676,40	687,00
561,40	533,45	452,00	669,00	681,25	689,00
564,50	542,45	462,00	670,80	689,00	691,00
566,80	549,30	477,00	674,60	690,00	694,00
570,90	558,15	488,00	676,60	690,05	697,00
575,70	565,95	496,00	678,50	692,00	701,00
583,50	573,85	503,00	681,30	692,30	704,00
591,50	576,00	512,00	685,00	692,60	706,00
595,80	577,25	523,00	686,00	692,70	706,00
596,80	578,40	530,00	687,10	692,70	709,00
599,60	579,45	536,00	689,20	693,70	709,00
601,40	583,40	544,00	692,10	694,70	708,00
605,00	590,00	575,00	682,00	683,00	684,00
609,60	587,45	555,00	693,10	696,65	710,00
611,50	589,55	560,00	694,20	698,65	711,00
616,10	590,85	570,00	694,30	699,55	710,00
619,00	592,80	572,00	696,20	700,50	710,00
621,00	596,80	577,00	698,10	700,45	709,00
623,00	601,80	580,00	700,10	706,10	708,00
627,00	602,80	585,00	701,30	708,10	711,00
628,40	603,90	589,00	702,30	707,15	716,00
629,20	604,90	595,00	703,30	706,10	716,00
631,80	608,70	599,00	704,10	710,00	717,00
632,60	609,65	603,00	705,20	711,10	720,00
632,90	608,90	602,00	704,40	710,30	722,00
633,00	609,95	601,00	705,40	710,45	722,00
635,00	613,75	602,00	706,40	712,50	722,00
637,20	617,55	602,00	708,40	714,45	724,00
639,30	619,45	602,00	708,40	716,45	725,00
639,60	621,35	602,00	709,70	717,45	728,00
641,60	624,35	609,00	709,80	718,50	730,00
644,00	627,25	609,00	710,00	722,25	731,00
645,00	629,25	609,00	710,00	722,20	732,00
646,10	631,35	611,00	711,00	722,20	732,00
646,30	633,35	617,00	711,00	722,20	733,00
645,60	634,45	623,00	711,00	721,25	733,00
645,90	635,45	623,00	711,00	720,30	733,00
646,90	638,35	624,00	711,00	720,30	733,00
647,90	641,35	625,00	712,80	721,25	733,00
649,80	642,35	626,00	717,30	722,35	733,00
650,80	643,30	626,00	720,20	723,30	733,00
650,90	643,30	627,00	718,40	725,45	734,00
650,00	644,30	627,00	718,60	727,25	734,00
649,90	646,25	627,00	718,70	727,35	734,00
649,80	646,25	629,00	717,10	727,30	734,00
650,70	647,25	630,00	717,30	730,30	740,00
650,80	646,40	630,00	717,20	729,40	740,00
650,80	645,65	630,00	715,40	730,30	744,00
650,90	644,80	630,00	715,40	730,25	744,00
650,00	644,00	631,00	714,50	730,20	745,00
650,80	643,95	631,00	714,40	731,10	747,00
650,60	645,90	631,00	715,40	732,00	748,00
650,60	642,95	630,00	716,20	731,05	748,00
650,70	643,80	629,00	717,30	731,15	749,00
650,80	644,65	628,00	717,20	730,25	750,00
652,70	644,60	627,00	718,00	729,35	752,00
652,70	643,60	626,00	720,70	728,40	752,00
652,60	643,55	625,00	723,40	727,45	754,00
651,70	643,55	624,00	724,20	726,50	754,00
649,80	645,35	624,00	724,20	726,50	754,00
648,00	645,30	623,00	723,10	726,45	758,00
647,00	644,30	622,00	723,00	725,45	759,00
646,00	644,20	622,00	722,10	724,45	759,00
645,90	643,20	621,00	722,10	724,40	758,00
644,90	641,20	621,00	720,30	725,30	757,00
644,90	640,20	619,00	720,40	730,00	756,00
644,80	639,20	618,00	720,40	729,10	756,00
644,80	637,20	617,00	719,30	728,05	758,00
643,90	639,00	616,00	720,10	726,05	756,00
643,80	638,90	615,00	720,00	724,10	755,00
643,80	636,90	614,00	719,10	722,15	754,00
642,70	634,90	613,00	717,40	722,10	752,00
642,30	632,90	612,00	716,20	721,05	750,00
641,20	631,90	610,00	715,10	721,00	749,00
640,10	629,00	608,00	714,00	719,10	746,00
636,60	628,95	606,00	712,10	718,15	745,00
633,50	624,10	603,00	710,20	716,25	744,00
631,60	623,10	601,00	709,30	715,25	742,00
630,50	620,25	599,00	707,50	713,35	740,00
629,60	617,35	597,00	706,60	712,30	738,00
628,70	615,40	595,00	705,50	712,30	736,00
625,80	613,50	593,00	704,40	712,30	735,00
623,90	610,65	591,00	702,50	711,35	732,00
621,90	607,75	589,00	701,40	710,30	730,00
619,90	605,85	586,00	700,30	708,40	729,00
617,80	603,90	584,00	699,30	707,40	726,00
615,60	602,00	582,00	698,20	706,45	724,00
613,70	600,95	582,00	697,10	704,55	723,00
611,80	599,90	581,00	695,10	708,30	721,00
609,90	596,00	580,00	693,20	706,35	719,00
607,80	592,90	580,00	691,30	704,40	716,00
605,80	591,70	580,00	688,50	702,40	714,00
602,70	588,50	575,00	686,50	700,45	712,00
599,80	586,60	574,00	684,60	698,50	711,00
596,80	584,70	567,00	682,60	696,50	711,00
594,80	582,75	563,00	681,60	695,50	710,00
590,80	581,80	562,00	680,60	694,50	707,00
586,80	579,90	561,00	679,60	692,50	705,00
583,00	577,95	556,00	678,50	690,60	703,00
580,00	576,95	553,00	677,30	688,50	701,00
577,90	576,85	550,00	676,20	686,50	699,00
575,70	572,95	548,00	674,20	686,45	696,00
573,60	569,00	544,00	672,20	684,35	694,00
569,60	565,00	539,00	671,10	682,35	691,00
563,80	560,95	532,00	669,10	678,50	689,00
561,70	556,95	527,00	668,10	676,55	688,00
559,70	554,85	523,00	666,20	674,45	685,00
555,80	550,80	520,00	663,40	670,55	682,00
552,00	546,70	517,00	660,60	668,45	680,00
550,90	542,65	512,00	658,60	665,50	677,00
547,80	539,60	508,00	656,60	664,40	676,00
542,90	535,50	504,00	655,50	662,35	674,00
539,80	531,45	499,00	653,30	660,30	672,00
535,50	525,50	494,00	651,30	658,25	670,00
531,30	521,45	489,00	650,20	656,20	667,00
526,20	515,60	484,00	648,20	654,15	664,00
520,20	510,55	479,00	646,10	652,10	660,00
514,20	505,50	474,00	644,20	649,05	658,00
509,90	498,45	469,00	641,20	646,05	652,00
502,90	492,45	464,00	638,30	645,05	650,00
496,90	485,55	459,00	637,20	642,15	646,00
491,90	479,60	451,00	634,30	638,20	644,00
486,80	465,90	443,00	632,30	636,20	642,00
480,70	460,00	434,00	630,30	633,20	640,00
472,00	457,75	427,00	628,20	630,20	638,00
466,90	455,50	424,00	624,30	628,15	636,00
464,60	449,50	421,00	622,20	626,10	635,00
458,80	442,55	417,00	619,30	623,10	632,00
451,20	436,55	416,00	617,10	621,05	630,00
442,50	430,85	410,00	616,00	618,00	626,00
433,50	423,90	405,00	614,10	615,05	624,00
426,30	417,85	401,00	611,10	613,05	622,00
422,10	410,85	397,00	608,00	610,20	620,00
416,10	405,85	391,00	604,20	607,30	618,00
413,80	397,75	377,00	601,10	604,35	616,00
407,00	392,90	376,00	598,30	609,15	612,00
401,80	386,90	374,00	593,60	607,05	610,00
394,90	381,90	372,00	590,60	599,20	605,00
389,90	376,95	370,00	586,70	597,05	603,00
385,50	371,95	366,00	582,70	592,05	601,00
380,50	366,95	362,00	578,80	588,00	601,00
375,60	362,95	357,00	574,00	584,05	599,00
369,70	356,80	350,00	570,00	580,20	599,00
364,80	351,90	343,00	566,00	575,15	596,00
360,00	345,00	343,00	561,90	571,15	594,00
356,00	341,00	341,00	557,80	567,15	592,00
352,10	337,95	331,00	552,40	564,00	589,00
347,20	334,90	332,00	549,40	559,05	587,00
344,20	331,90	328,00	544,60	555,15	584,00
341,20	328,95	324,00	540,70	550,05	581,00
337,20	325,00	320,00	536,80	546,25	579,00
333,40	322,00	318,00	531,90	542,15	576,00
329,40	319,00	313,00	527,80	538,15	573,00
326,50	317,85	309,00	523,60	533,15	571,00
323,60	314,75	308,00	519,00	527,25	569,00
320,70	311,75	305,00	506,80	522,10	566,00
317,80	307,75	302,00	500,10	518,00	563,00
314,80	305,75	298,00	488,70	511,15	560,00
311,80	303,75	294,00	484,70	506,30	558,00
308,90	301,80	290,00	479,70	501,40	556,00
306,00	296,95	287,00	474,70	493,75	552,00
303,90	295,90	285,00	469,70	489,90	548,00
300,90	294,90	283,00	466,50	483,20	546,00
298,80	293,90	280,00	462,20	475,50	542,00
296,80	294,80	276,00	459,90	470,65	540,00
292,90	291,85	275,00	454,80	464,85	534,00
292,70	287,90	274,00	450,70	460,95	530,00
289,90	285,95	273,00	445,60	454,90	536,00
287,00	283,95	272,00	440,50	447,80	522,00
285,70	282,95	270,00	435,50	441,55	517,00
283,70	279,95	269,00	430,30	435,45	512,00
281,00	276,00	267,00	425,10	430,60	508,00
278,80	273,95	265,00	419,20	423,50	502,00
276,80	272,85	263,00	413,30	418,35	498,00
274,70	271,75	260,00	405,60	412,05	492,00
272,80	266,85	256,00	398,80	406,75	486,00
269,90	264,85	252,00	393,80	402,65	482,00
268,00	262,85	251,00	389,70	397,55	478,00
266,90	261,80	249,00	384,60	393,50	472,00
265,80	258,90	246,00	377,20	386,15	466,00
263,90	256,90	244,00	371,30	382,10	460,00
262,90	254,85	243,00	365,40	378,05	455,00
262,70	253,70	242,00	362,30	374,05	448,00
262,60	251,65	240,00	360,00	371,00	443,00
261,50	249,65	238,00	356,30	367,00	438,00
260,60	248,65	237,00	352,60	364,00	432,00
258,50	247,60	236,00	348,80	359,10	426,00
258,40	245,65	235,00	345,10	355,20	420,00
257,50	245,55	234,00	341,00	351,25	414,00
256,50	243,60	233,00	338,70	347,30	409,00
255,50	243,55	231,00	336,40	345,25	403,00
254,50	243,50	229,00	332,30	340,35	389,00
253,50	243,40	227,00	329,20	341,15	389,00
252,50	241,45	226,00	326,10	333,45	384,00
251,60	241,40	223,00	322,30	330,40	378,00
251,70	241,30	222,00	321,20	327,45	373,00
250,80	239,40	223,00	320,10	323,55	368,00
249,90	238,20	223,00	320,00	321,55	363,00
250,00	238,20	221,00	315,40	321,30	358,00
248,00	238,05	219,00	314,40	321,25	354,00
247,00	237,20	219,00	312,60	322,10	351,00
246,00	237,10	220,00	308,90	322,05	346,00
245,00	235,15	219,00	307,80	322,00	343,00
244,90	235,20	217,00	306,80	320,05	339,00
243,90	233,35	211,00	305,90	319,10	337,00
243,80	232,40	215,00	304,90	318,15	334,00
241,90	231,55	219,00	303,90	317,15	336,00
240,90	230,75	218,00	303,70	316,20	328,00
239,90	230,85	218,00	302,70	315,25	325,00
238,00	229,90	215,00	303,50	314,25	323,00
237,90	229,95	214,00	304,20	313,30	319,00
236,90	230,95	211,00	304,20	312,30	318,00
236,00	231,90	211,00	303,40	311,30	318,00
235,90	231,85	210,00	302,30	310,25	317,00
235,80	230,90	210,00	302,00	309,25	317,00
234,80	229,00	209,00	301,20	309,15	316,00
233,90	228,00	209,00	301,00	308,00	317,00
233,70	227,95	208,00	301,20	306,05	318,00
232,70	227,90	208,00	299,10	304,10	319,00
231,70	227,00	207,00	297,40	302,15	320,00
231,70	227,90	205,00	298,30	302,05	320,00
232,80	226,95	206,00	296,30	302,00	319,00
234,60	226,90	205,00	298,10	301,25	318,00
234,60	228,80	208,00	296,30	300,30	317,00
234,60	228,80	208,00	296,30	304,10	316,00
234,70	227,85	207,00	294,40	304,20	315,00
234,60	229,75	205,00	292,50	302,20	313,00
233,80	228,80	204,00	291,50	301,15	312,00
233,90	228,90	203,00	291,40	300,20	311,00
233,90	228,90	203,00	290,40	299,15	310,00
232,70	228,85	202,00	289,40	298,20	310,00
232,60	228,80	201,00	289,40	297,25	310,00
231,80	228,75	201,00	289,30	296,35	311,00
231,90	228,70	199,00	290,20	296,30	313,00
231,70	226,75	195,00	290,20	296,40	320,00
230,80	227,60	194,00	289,20	296,40	323,00
230,90	229,65	193,00	285,60	296,45	327,00
231,00	229,55	192,00	285,60	294,65	329,00
231,00	229,55	190,00	285,50	293,75	331,00
231,00	230,65	188,00	285,50	292,90	333,00
231,90	230,95	187,00	285,50	291,95	333,00
232,90	230,95	187,00	287,20	292,05	332,00
231,00	230,95	188,00	289,00	291,05	331,00
231,80	229,95	190,00	289,00	291,95	330,00
230,80	229,00	189,00	289,00	293,85	329,00
231,90	228,95	189,00	288,00	295,65	329,00
230,90	228,95	189,00	288,00	297,55	329,00
231,90	228,00	187,00	287,10	299,45	329,00
231,90	228,00	185,00	286,20	301,35	330,00
230,90	228,00	185,00	290,10	303,35	330,00
231,80	228,95	185,00	291,10	305,25	332,00
232,60	227,95	187,00	292,10	307,25	338,00
233,00	227,90	188,00	294,40	309,35	339,00
232,80	227,95	186,00	296,10	311,25	339,00
232,70	228,95	187,00	298,10	313,25	338,00
233,60	229,90	187,00	300,30	315,15	338,00
233,80	231,75	187,00	302,30	317,05	337,00
234,70	230,75	188,00	304,30	318,20	337,00
234,90	230,75	186,00	305,70	316,40	336,00
234,90	231,70	186,00	308,60	315,55	337,00
236,70	231,65	188,00	309,50	320,50	341,00
237,60	231,65	189,00	313,20	324,60	343,00
237,70	231,70	189,00	314,20	330,60	345,00
237,80	233,65	190,00	316,00	332,70	348,00
239,60	234,60	191,00	318,10	335,65	353,00
240,60	234,60	190,00	318,30	336,50	358,00
240,90	235,50	189,00	318,60	338,45	360,00
241,80	236,45	189,00	318,80	340,50	362,00
240,80	236,50	193,00	319,70	341,55	364,00
240,80	237,65	204,00	320,60	342,70	365,00
245,40	233,95	208,00	320,70	344,75	366,00
244,70	236,80	210,00	322,60	345,85	366,00
241,80	234,90	213,00	324,30	347,00	366,00
239,80	236,90	218,00	329,20	347,95	369,00
240,90	237,00	230,00	332,50	348,85	371,00
242,80	239,95	238,00	335,50	350,75	373,00
245,80	242,85	239,00	343,00	359,30	375,00
246,90	245,70	239,00	354,30	365,00	379,00
247,90	244,75	240,00	358,00	364,20	385,00
248,00	246,90	241,00	360,30	366,35	389,00
245,90	243,85	241,00	361,30	371,20	394,00
246,00	245,00	240,00	362,50	376,00	397,00
247,90	245,95	240,00	368,10	377,15	400,00
251,70	246,95	240,00	371,20	378,20	404,00
255,70	250,85	240,00	375,20	380,25	408,00
257,80	255,65	245,00	379,10	380,45	410,00
260,70	257,60	244,00	383,10	386,40	408,00
262,80	259,45	249,00	386,00	395,20	408,00
264,80	260,65	249,00	390,90	406,15	410,00
269,80	261,45	249,00	395,50	411,05	424,00
272,00	264,25	249,00	400,40	415,00	434,00
274,00	269,10	248,00	406,30	418,15	445,00
275,00	271,10	249,00	415,30	422,30	454,00
278,80	273,10	247,00	421,50	427,60	465,00
282,50	273,20	249,00	426,30	435,70	475,00
287,90	274,25	250,00	433,10	440,60	484,00
289,90	275,40	246,00	438,80	450,20	487,00
292,70	276,50	247,00	446,30	458,20	496,00
293,60	277,70	256,00	450,10	468,10	504,00
294,50	279,85	259,00	453,80	475,20	509,00
294,50	279,90	261,00	457,50	481,10	517,00
296,30	280,00	263,00	461,10	487,10	525,00
298,80	283,75	263,00	463,20	491,25	531,00
300,60	285,60	265,00	469,10	495,35	539,00
301,60	288,40	267,00	475,10	499,35	547,00
301,90	289,30	268,00	479,60	501,35	553,00
303,20	291,60	268,00	485,70	505,45	564,00
304,40	292,65	270,00	490,60	506,55	571,00
304,90	292,45	272,00	497,20	509,65	579,00
307,80	293,40	274,00	502,90	516,95	587,00
313,40	293,35	278,00	508,40	522,90	593,00
318,90	293,40	281,00	514,20	527,85	600,00
320,80	293,65	281,00	518,40	532,95	605,00
322,70	296,90	280,00	520,30	537,95	609,00
324,60	302,70	279,00	522,00	543,90	613,00
324,80	309,40	278,00	523,40	552,70	617,00
327,90	315,20	280,00	524,80	556,75	620,00
332,90	320,95	283,00	526,10	560,75	623,00
338,20	323,70	288,00	537,20	564,80	628,00
