1760,40	1690,45	1661,00	2154,10	2236,15	2239,00
1778,60	1710,85	1689,00	2166,20	2240,20	2244,00
1791,20	1728,60	1702,00	2172,50	2240,45	2249,00
1805,40	1744,45	1715,00	2179,40	2237,90	2255,00
1825,90	1760,20	1726,00	2189,90	2235,40	2262,00
1846,50	1777,20	1743,00	2200,10	2238,55	2268,00
1866,00	1792,55	1765,00	2215,70	2241,65	2273,00
1887,00	1813,10	1777,00	2229,80	2247,60	2278,00
1905,00	1839,55	1793,00	2242,90	2261,25	2285,00
1921,80	1863,15	1809,00	2256,30	2277,80	2293,00
1933,60	1881,85	1822,00	2268,20	2288,55	2299,00
1940,10	1892,70	1830,00	2281,60	2296,40	2304,00
1943,90	1903,50	1837,00	2294,10	2304,35	2311,00
1944,40	1908,55	1843,00	2303,80	2311,40	2319,00
1945,20	1899,25	1847,00	2310,80	2318,35	2325,00
1944,50	1884,25	1851,00	2316,00	2325,30	2331,00
1946,40	1877,00	1858,00	2320,30	2332,35	2339,00
1949,20	1878,40	1867,00	2322,80	2339,35	2346,00
1952,50	1884,85	1882,00	2323,40	2345,60	2357,00
1957,60	1899,90	1898,00	2323,90	2350,85	2367,00
1974,90	1919,70	1914,00	2324,40	2356,15	2378,00
2000,40	1940,45	1930,00	2325,00	2362,35	2388,00
2019,50	1951,80	1948,00	2324,50	2366,60	2397,00
2041,30	1962,90	1961,00	2323,30	2372,60	2403,00
2050,00	1977,30	1964,00	2321,80	2375,85	2411,00
2059,20	1996,85	1975,00	2323,10	2379,90	2416,00
2070,10	2007,10	1990,00	2339,50	2382,00	2420,00
2079,10	2016,10	1999,00	2351,50	2384,95	2422,00
2075,80	2027,60	2001,00	2359,10	2388,75	2422,00
2071,80	2040,90	2001,00	2365,80	2392,60	2423,00
2070,30	2051,90	1993,00	2371,60	2396,60	2427,00
2078,30	2067,25	1977,00	2377,50	2401,50	2430,00
2099,40	2070,25	1961,00	2383,60	2408,30	2433,00
2116,40	2077,80	1960,00	2389,40	2412,20	2435,00
2121,70	2085,45	1961,00	2393,60	2418,00	2437,00
2118,50	2089,80	1972,00	2398,60	2422,85	2439,00
2115,10	2092,15	1981,00	2405,60	2429,70	2443,00
2115,50	2096,35	1989,00	2408,00	2435,55	2446,00
2121,90	2098,00	2003,00	2410,60	2443,35	2450,00
2131,80	2099,50	2033,00	2414,80	2449,55	2460,00
2146,30	2101,55	2055,00	2419,00	2455,50	2465,00
2148,40	2105,40	2075,00	2423,20	2461,55	2472,00
2152,40	2110,15	2094,00	2424,50	2465,65	2478,00
2157,20	2113,95	2113,00	2425,20	2472,65	2485,00
2165,90	2128,25	2114,00	2433,20	2480,60	2492,00
2176,00	2138,60	2112,00	2441,80	2494,30	2500,00
2185,90	2146,95	2108,00	2453,90	2507,20	2511,00
2192,30	2147,85	2107,00	2465,30	2513,20	2517,00
2198,60	2148,35	2117,00	2475,10	2521,10	2523,00
2206,70	2149,15	2133,00	2482,90	2527,20	2531,00
2219,90	2155,70	2150,00	2488,00	2533,25	2538,00
2239,70	2181,15	2146,00	2492,50	2542,20	2546,00
2256,00	2198,95	2141,00	2496,90	2550,05	2551,00
2266,60	2213,95	2137,00	2504,80	2557,05	2558,00
2271,70	2228,00	2133,00	2511,70	2563,00	2563,00
2276,70	2241,40	2135,00	2517,80	2570,05	2571,00
2279,30	2249,15	2138,00	2522,80	2575,35	2582,00
2281,80	2255,90	2140,00	2529,00	2583,75	2598,00
2284,40	2263,65	2143,00	2533,10	2589,00	2608,00
2220,00	2184,00	2148,00	2502,60	2512,80	2523,00
2284,80	2268,30	2160,00	2537,20	2594,25	2618,00
2284,80	2277,35	2170,00	2541,30	2599,60	2630,00
2290,30	2278,95	2183,00	2550,90	2606,00	2644,00
2298,40	2279,50	2194,00	2560,40	2611,50	2659,00
2303,80	2280,20	2208,00	2568,30	2618,70	2670,00
2312,80	2280,95	2223,00	2577,10	2626,00	2683,00
2323,60	2281,70	2238,00	2583,10	2632,30	2695,00
2334,40	2282,45	2253,00	2588,20	2638,50	2705,00
2335,50	2284,90	2264,00	2595,90	2643,70	2714,00
2332,10	2287,35	2275,00	2606,30	2648,90	2723,00
2326,90	2289,75	2285,00	2612,30	2655,05	2732,00
2323,00	2295,80	2292,00	2618,20	2660,30	2742,00
2317,60	2304,50	2295,00	2623,20	2665,35	2748,00
2314,80	2312,40	2301,00	2624,70	2671,55	2758,00
2322,50	2308,95	2308,00	2626,00	2675,85	2768,00
2329,20	2312,50	2303,00	2627,40	2680,85	2773,00
2335,20	2318,00	2299,00	2629,50	2683,95	2778,00
2341,50	2326,35	2295,00	2633,30	2686,30	2787,00
2347,70	2333,80	2292,00	2636,20	2688,60	2795,00
2352,90	2340,35	2290,00	2638,20	2690,75	2800,00
2358,00	2346,05	2290,00	2640,40	2694,90	2807,00
2361,40	2352,70	2290,00	2642,50	2698,05	2813,00
2363,80	2358,55	2293,00	2641,60	2698,40	2820,00
2371,00	2358,95	2301,00	2640,70	2698,65	2825,00
2377,30	2359,35	2309,00	2640,70	2698,85	2829,00
2380,80	2358,95	2320,00	2640,70	2699,15	2835,00
2384,20	2357,45	2328,00	2640,70	2699,35	2839,00
2388,00	2359,75	2336,00	2642,30	2697,60	2842,00
2394,70	2363,75	2340,00	2643,30	2698,65	2844,00
2402,30	2367,75	2344,00	2645,30	2700,70	2847,00
2409,90	2372,05	2354,00	2647,00	2699,90	2850,00
2415,90	2378,30	2365,00	2650,40	2698,10	2852,00
2419,20	2384,65	2378,00	2649,20	2695,45	2856,00
2423,00	2395,80	2392,00	2649,30	2696,60	2860,00
2425,10	2399,00	2399,00	2649,20	2695,80	2863,00
2427,50	2404,75	2400,00	2649,10	2695,00	2866,00
2427,90	2408,50	2399,00	2649,80	2693,20	2868,00
2426,20	2409,40	2398,00	2653,30	2692,45	2872,00
2424,40	2409,30	2396,00	2654,40	2694,45	2874,00
2422,40	2407,35	2395,00	2654,60	2696,25	2872,00
2422,20	2405,40	2394,00	2654,80	2698,10	2871,00
2420,30	2404,40	2393,00	2654,70	2697,15	2871,00
2415,00	2405,30	2392,00	2654,80	2698,25	2874,00
2411,20	2403,35	2391,00	2655,70	2698,45	2878,00
2407,30	2400,45	2390,00	2658,40	2698,55	2880,00
2403,30	2396,45	2386,00	2659,30	2698,60	2881,00
2395,70	2392,20	2377,00	2659,40	2699,55	2881,00
2388,80	2385,75	2362,00	2659,60	2701,50	2882,00
2384,70	2380,20	2346,00	2659,60	2701,60	2884,00
2380,20	2371,25	2338,00	2659,60	2701,75	2887,00
2376,00	2364,90	2325,00	2659,60	2701,60	2884,00
2372,10	2361,60	2316,00	2659,30	2698,45	2878,00
2365,50	2358,50	2311,00	2659,00	2695,10	2868,00
2357,40	2349,70	2306,00	2657,10	2694,05	2866,00
2353,80	2332,60	2306,00	2656,80	2691,10	2864,00
2345,50	2313,60	2306,00	2656,30	2686,15	2860,00
2337,30	2303,80	2300,00	2654,90	2681,30	2858,00
2336,20	2301,55	2293,00	2653,30	2674,55	2856,00
2332,40	2299,30	2286,00	2653,50	2667,80	2854,00
2328,00	2299,85	2278,00	2652,00	2662,00	2852,00
2322,40	2305,80	2264,00	2647,50	2661,85	2849,00
2316,50	2308,85	2249,00	2642,90	2660,55	2842,00
2310,80	2305,40	2237,00	2635,50	2658,10	2831,00
2308,40	2299,15	2226,00	2629,90	2656,00	2827,00
2302,60	2294,95	2218,00	2624,20	2652,95	2823,00
2300,50	2283,40	2215,00	2618,40	2648,95	2819,00
2298,10	2268,50	2202,00	2611,70	2644,80	2812,00
2296,70	2255,00	2198,00	2605,00	2640,60	2804,00
2292,50	2240,15	2186,00	2598,30	2636,40	2796,00
2279,40	2226,10	2171,00	2588,40	2627,60	2791,00
2266,00	2209,45	2161,00	2576,70	2618,80	2786,00
2253,00	2196,60	2151,00	2575,90	2610,95	2781,00
2241,90	2184,65	2140,00	2575,10	2603,15	2777,00
2227,30	2173,45	2125,00	2573,30	2594,45	2774,00
2212,10	2165,35	2115,00	2576,10	2586,55	2768,00
2195,80	2155,20	2102,00	2569,30	2590,15	2764,00
2185,80	2144,75	2083,00	2564,20	2592,75	2759,00
2176,00	2136,45	2069,00	2557,20	2594,35	2753,00
2168,30	2130,95	2054,00	2550,30	2596,90	2747,00
2163,40	2126,55	2042,00	2543,40	2599,55	2743,00
2156,60	2112,90	2035,00	2537,30	2601,25	2739,00
2152,20	2104,95	2028,00	2533,90	2602,75	2731,00
2148,20	2100,65	2018,00	2529,60	2604,30	2724,00
2143,90	2093,45	2007,00	2518,80	2603,90	2716,00
2127,60	2083,50	1998,00	2511,40	2601,60	2708,00
2110,60	2075,25	1985,00	2504,10	2600,25	2700,00
2094,50	2066,80	1968,00	2495,00	2599,05	2695,00
2082,80	2057,25	1948,00	2485,20	2591,25	2691,00
2073,70	2046,80	1929,00	2475,40	2583,45	2687,00
2061,90	2036,35	1910,00	2466,50	2575,65	2683,00
2051,00	2026,15	1896,00	2456,50	2574,50	2679,00
2046,40	2015,85	1880,00	2445,10	2568,60	2675,00
2028,30	2005,55	1864,00	2434,60	2562,70	2671,00
2013,90	1996,65	1857,00	2420,60	2557,75	2667,00
1999,40	1986,95	1853,00	2409,10	2550,90	2663,00
1984,80	1976,30	1849,00	2402,40	2546,85	2658,00
1973,60	1963,75	1845,00	2396,60	2542,70	2651,00
1962,40	1951,05	1838,00	2390,80	2538,70	2647,00
1952,90	1937,35	1830,00	2384,30	2536,60	2643,00
1944,50	1925,45	1820,00	2376,70	2532,60	2639,00
1936,10	1913,65	1812,00	2367,30	2528,50	2633,00
1927,70	1901,90	1805,00	2358,80	2524,30	2625,00
1917,60	1891,15	1799,00	2354,80	2519,90	2613,00
1909,60	1883,35	1795,00	2349,00	2515,70	2605,00
1901,80	1877,45	1791,00	2345,00	2511,55	2598,00
1894,90	1880,10	1787,00	2340,90	2506,20	2586,00
1888,50	1878,85	1781,00	2333,10	2499,85	2573,00
1890,30	1870,10	1777,00	2324,40	2493,50	2560,00
1875,10	1862,45	1776,00	2313,70	2485,40	2550,00
1862,80	1856,90	1779,00	2298,50	2477,10	2536,00
1855,70	1841,10	1786,00	2285,00	2468,00	2525,00
1845,00	1816,80	1794,00	2272,40	2458,90	2514,00
1826,30	1801,70	1796,00	2259,60	2447,95	2504,00
1809,80	1806,80	1784,00	2244,90	2435,95	2492,00
1803,40	1788,05	1770,00	2230,00	2422,05	2480,00
1790,10	1772,00	1753,00	2216,00	2408,40	2473,00
1779,40	1755,00	1736,00	2201,30	2396,80	2469,00
1768,30	1734,00	1715,00	2188,30	2384,25	2465,00
1758,10	1704,70	1699,00	2173,60	2372,65	2461,00
1747,90	1683,50	1674,00	2158,70	2359,15	2457,00
1734,80	1669,30	1656,00	2138,30	2344,70	2453,00
1725,30	1655,05	1637,00	2125,00	2329,30	2449,00
1713,90	1639,80	1617,00	2113,60	2314,85	2445,00
1704,10	1622,90	1602,00	2104,10	2309,75	2438,00
1690,40	1611,80	1589,00	2101,20	2307,25	2426,00
1678,40	1600,00	1581,00	2101,10	2305,65	2413,00
1666,40	1587,75	1564,00	2084,90	2305,05	2401,00
1654,70	1578,70	1554,00	2075,00	2304,50	2390,00
1644,00	1570,60	1544,00	2065,60	2300,30	2382,00
1636,00	1562,75	1539,00	2054,70	2281,85	2374,00
1628,10	1555,80	1533,00	2043,70	2262,55	2368,00
1618,50	1549,80	1527,00	2032,60	2242,25	2361,00
1610,60	1542,90	1522,00	2024,30	2222,60	2348,00
1602,30	1532,15	1516,00	2019,20	2207,40	2329,00
1592,20	1521,45	1511,00	2016,30	2212,90	2306,00
1577,10	1514,20	1499,00	2014,00	2215,70	2286,00
1566,50	1507,00	1488,00	2006,10	2208,05	2266,00
1551,20	1497,95	1478,00	2002,30	2188,05	2246,00
1529,40	1487,15	1471,00	2002,20	2169,35	2233,00
1504,00	1476,80	1473,00	2002,30	2151,85	2206,00
1487,10	1478,15	1462,00	2003,60	2137,75	2190,00
1480,90	1478,50	1450,00	2003,60	2128,70	2180,00
1473,20	1464,90	1444,00	2004,30	2117,85	2172,00
1465,50	1451,75	1447,00	1994,10	2106,20	2167,00
1457,50	1452,35	1440,00	1985,10	2097,35	2161,00
1467,90	1448,15	1432,00	1971,60	2088,60	2157,00
1475,40	1442,05	1424,00	1952,70	2079,65	2149,00
1485,50	1434,95	1415,00	1934,00	2072,25	2134,00
1489,30	1427,75	1404,00	1916,90	2062,50	2110,00
1487,70	1420,65	1395,00	1895,70	2047,70	2080,00
1483,30	1412,50	1384,00	1872,80	2034,90	2071,00
1465,40	1404,50	1376,00	1855,40	2022,95	2060,00
1456,60	1397,45	1368,00	1835,00	2008,10	2048,00
1451,20	1388,40	1358,00	1818,60	1988,40	2034,00
1438,20	1375,35	1344,00	1804,00	1977,20	2019,00
1431,90	1357,80	1335,00	1791,40	1968,05	2007,00
1431,50	1353,35	1322,00	1783,40	1959,80	1994,00
1425,50	1346,90	1307,00	1775,40	1951,50	1980,00
1419,10	1345,00	1288,00	1768,30	1943,30	1968,00
1412,30	1331,15	1277,00	1762,10	1935,30	1960,00
1405,40	1325,00	1268,00	1755,90	1927,30	1952,00
1394,60	1315,95	1258,00	1748,70	1918,25	1942,00
1381,80	1305,10	1250,00	1739,00	1910,80	1926,00
1371,90	1296,30	1245,00	1726,40	1901,15	1904,00
1364,20	1291,25	1239,00	1713,00	1884,10	1886,00
1358,70	1281,55	1235,00	1706,20	1861,05	1862,00
1354,30	1273,75	1231,00	1698,50	1821,15	1843,00
1350,60	1263,95	1225,00	1691,80	1791,25	1834,00
1348,00	1256,15	1221,00	1683,40	1745,40	1829,00
1339,20	1240,75	1217,00	1677,30	1721,30	1822,00
1331,00	1230,90	1210,00	1673,70	1720,85	1813,00
1326,50	1230,50	1202,00	1672,40	1742,00	1799,00
1322,90	1231,10	1214,00	1669,10	1744,15	1785,00
1318,90	1227,55	1219,00	1663,60	1725,55	1774,00
1315,10	1234,50	1225,00	1655,70	1709,90	1765,00
1312,10	1248,55	1221,00	1648,80	1695,20	1756,00
1305,20	1259,80	1218,00	1639,80	1677,60	1746,00
1298,90	1268,25	1216,00	1632,70	1660,95	1736,00
1285,80	1263,25	1211,00	1625,20	1648,60	1717,00
1270,50	1254,40	1205,00	1620,60	1637,95	1694,00
1256,30	1247,30	1196,00	1613,20	1626,70	1678,00
1252,70	1238,50	1191,00	1608,80	1618,10	1658,00
1256,50	1231,65	1187,00	1604,60	1611,70	1644,00
1254,00	1224,85	1184,00	1598,40	1603,30	1628,00
1252,10	1223,45	1175,00	1591,00	1592,15	1614,00
1246,70	1223,25	1171,00	1575,90	1584,45	1593,00
1243,30	1225,00	1168,00	1564,30	1576,05	1577,00
1240,50	1223,85	1164,00	1554,00	1563,35	1570,00
1237,70	1222,75	1161,00	1553,10	1563,35	1570,00
1233,90	1220,60	1156,00	1543,60	1559,35	1585,00
1228,80	1214,65	1151,00	1535,10	1547,35	1592,00
1223,80	1209,75	1148,00	1526,70	1535,90	1591,00
1216,70	1202,05	1146,00	1519,00	1522,40	1587,00
1212,10	1200,95	1143,00	1505,10	1518,25	1580,00
1213,50	1205,65	1142,00	1492,80	1512,10	1571,00
1221,90	1199,95	1142,00	1506,00	1543,05	1563,00
1227,80	1196,05	1140,00	1498,30	1537,90	1555,00
1229,20	1192,15	1138,00	1490,30	1529,75	1544,00
1227,00	1188,35	1138,00	1482,20	1520,45	1529,00
1224,60	1199,65	1136,00	1476,70	1510,25	1515,00
1224,90	1219,70	1138,00	1472,10	1500,30	1506,00
1235,10	1222,65	1140,00	1466,00	1484,65	1497,00
1232,80	1226,45	1140,00	1456,20	1467,90	1485,00
1233,30	1222,75	1142,00	1445,90	1454,85	1471,00
1233,60	1217,00	1141,00	1440,20	1460,05	1461,00
1227,80	1213,15	1140,00	1434,90	1444,65	1476,00
1219,30	1209,35	1140,00	1432,50	1439,50	1487,00
1212,00	1208,40	1140,00	1418,80	1446,40	1492,00
1212,10	1200,75	1139,00	1401,30	1450,85	1486,00
1214,20	1194,90	1136,00	1383,80	1446,35	1472,00
1213,80	1182,55	1136,00	1389,70	1441,75	1456,00
1209,60	1176,95	1138,00	1399,30	1438,25	1443,00
1207,30	1172,55	1145,00	1409,40	1431,60	1443,00
1207,80	1169,05	1151,00	1418,00	1428,00	1447,00
1207,40	1165,50	1156,00	1421,70	1428,80	1444,00
1209,90	1163,70	1158,00	1418,90	1436,20	1440,00
1205,20	1161,80	1158,00	1416,30	1446,20	1450,00
1182,50	1159,70	1154,00	1413,60	1455,70	1469,00
1169,70	1157,70	1152,00	1409,50	1468,20	1472,00
1176,70	1155,70	1150,00	1398,80	1469,40	1477,00
1198,90	1152,80	1149,00	1389,30	1465,10	1486,00
1195,80	1148,85	1146,00	1388,70	1459,80	1494,00
1192,30	1149,25	1135,00	1396,90	1460,95	1498,00
1188,90	1150,55	1123,00	1406,30	1464,75	1498,00
1186,60	1153,90	1114,00	1411,20	1468,40	1495,00
1188,80	1157,65	1113,00	1412,40	1470,90	1488,00
1194,40	1160,25	1127,00	1402,60	1462,80	1478,00
1200,00	1163,35	1151,00	1394,80	1456,85	1473,00
1205,30	1171,70	1166,00	1419,70	1453,30	1459,00
1211,30	1186,05	1168,00	1442,30	1445,15	1448,00
1213,10	1194,70	1170,00	1430,20	1441,75	1456,00
1215,10	1205,35	1174,00	1410,90	1438,60	1469,00
1220,00	1209,55	1182,00	1432,20	1436,90	1492,00
1226,70	1213,75	1190,00	1433,10	1446,10	1505,00
1221,60	1217,25	1203,00	1442,50	1450,50	1517,00
1223,90	1222,60	1215,00	1441,80	1478,70	1530,00
1225,90	1224,30	1211,00	1453,30	1494,50	1542,00
1228,70	1225,15	1209,00	1467,20	1499,30	1562,00
1228,00	1227,00	1208,00	1471,40	1488,60	1576,00
1238,80	1227,00	1208,00	1467,30	1476,05	1591,00
1240,80	1229,00	1210,00	1451,60	1473,35	1613,00
1250,10	1231,85	1210,00	1460,20	1470,70	1636,00
1261,50	1237,50	1209,00	1479,40	1491,65	1656,00
1262,10	1243,10	1207,00	1485,80	1510,70	1676,00
1261,80	1248,75	1206,00	1481,70	1523,75	1690,00
1258,50	1251,90	1212,00	1474,70	1534,55	1697,00
1249,90	1247,15	1212,00	1479,10	1542,70	1708,00
1258,20	1240,85	1219,00	1481,00	1552,60	1716,00
1267,60	1245,20	1230,00	1505,20	1560,65	1725,00
1276,10	1257,75	1234,00	1526,70	1569,00	1740,00
1284,80	1271,95	1233,00	1547,30	1577,50	1758,00
1295,80	1290,85	1231,00	1558,90	1586,35	1783,00
1307,80	1285,25	1233,00	1565,00	1593,65	1796,00
1315,40	1272,15	1237,00	1566,50	1600,15	1812,00
1326,50	1267,25	1253,00	1566,90	1604,70	1827,00
1340,00	1285,10	1268,00	1565,50	1609,85	1854,00
1355,30	1310,70	1267,00	1564,10	1615,15	1884,00
1365,30	1320,00	1263,00	1570,90	1621,05	1907,00
1359,00	1319,90	1261,00	1581,80	1630,60	1908,00
1356,90	1317,35	1267,00	1595,10	1670,95	1898,00
1351,60	1311,00	1292,00	1614,00	1704,75	1890,00
1359,40	1342,95	1304,00	1636,60	1731,05	1884,00
1382,30	1338,10	1302,00	1655,80	1741,90	1873,00
1376,50	1334,25	1301,00	1659,70	1753,00	1867,00
1372,00	1325,60	1299,00	1670,70	1763,15	1861,00
1372,20	1335,80	1294,00	1678,40	1759,15	1857,00
1368,60	1335,55	1289,00	1685,90	1753,30	1854,00
1364,10	1335,45	1287,00	1688,40	1742,75	1852,00
1359,90	1338,55	1292,00	1689,80	1730,40	1852,00
1361,40	1353,65	1309,00	1706,10	1714,25	1852,00
1371,90	1360,35	1329,00	1690,70	1739,25	1858,00
1378,20	1360,90	1340,00	1688,20	1767,15	1865,00
1385,80	1373,65	1348,00	1699,70	1791,40	1875,00
1397,70	1384,00	1346,00	1713,10	1817,10	1895,00
1408,90	1388,75	1365,00	1728,30	1843,20	1923,00
1417,70	1395,85	1374,00	1744,60	1879,25	1941,00
1423,70	1401,95	1382,00	1756,90	1911,05	1950,00
1418,60	1413,10	1377,00	1766,70	1936,25	1960,00
1428,90	1416,55	1370,00	1782,70	1969,05	1970,00
1433,40	1416,25	1364,00	1801,20	1975,10	1996,00
1439,80	1416,95	1359,00	1816,30	1974,20	2016,00
1445,00	1423,15	1350,00	1832,00	1970,40	2035,00
1451,90	1437,05	1343,00	1849,80	1960,85	2053,00
1472,40	1435,15	1343,00	1867,60	1951,30	2071,00
1493,80	1433,45	1347,00	1879,80	1948,70	2095,00
1520,00	1435,15	1362,00	1890,50	1948,80	2116,00
1516,00	1441,55	1395,00	1906,90	1951,50	2132,00
1518,40	1449,50	1440,00	1928,70	1954,10	2146,00
1530,20	1478,00	1478,00	1937,00	1956,35	2153,00
1533,60	1511,75	1507,00	1942,50	1957,65	2160,00
1565,90	1537,45	1527,00	1946,50	1970,20	2164,00
1561,40	1555,30	1542,00	1943,70	1986,50	2167,00
1570,20	1553,95	1553,00	1950,60	2000,75	2167,00
1577,10	1559,30	1546,00	1975,90	2010,05	2163,00
1575,30	1567,55	1540,00	2004,30	2023,20	2160,00
1581,90	1570,60	1544,00	2023,40	2042,10	2158,00
1579,00	1569,25	1555,00	2030,80	2078,15	2157,00
1587,20	1570,70	1565,00	2037,20	2104,75	2157,00
1613,20	1578,30	1565,00	2045,30	2130,50	2159,00
1642,40	1590,65	1565,00	2055,20	2147,95	2166,00
1674,30	1603,35	1572,00	2065,20	2166,55	2177,00
1688,70	1612,40	1582,00	2078,00	2186,30	2192,00
1700,60	1623,40	1593,00	2088,60	2202,10	2204,00
1712,90	1638,40	1608,00	2107,70	2213,25	2218,00
1727,10	1654,70	1630,00	2123,00	2222,35	2229,00
1741,20	1669,55	1642,00	2138,10	2229,30	2235,00
